1500 
1500 
1500 
1500 
1500 
1500 
1500 
1500 
1500 
1500 
1500 
1500 
1500 
1500 
1500 
1500 
1500 
1500 
1500 
1500 
1500 
1500 
1500 
1500 
1500 
1500 
1500 
1500 
1500 
1500 
1310.00166 
1310.00166 
1310.00166 
1310.00166 
1310.00166 
1310.00166 
1310.00166 
1310.00166 
1310.00166 
1310.00166 
1310.00166 
1310.00166 
1310.00166 
1310.00166 
1310.00166 
1310.00166 
1310.00166 
1310.00166 
1310.00166 
1310.00166 
1310.00166 
1310.00166 
1310.00166 
1310.00166 
1310.00166 
1310.00166 
1310.00166 
1310.00166 
1310.00166 
1310.00166 
1165.00292 
1165.00292 
1165.00292 
1165.00292 
1165.00292 
1165.00292 
1165.00292 
1165.00292 
1165.00292 
1165.00292 
1165.00292 
1165.00292 
1165.00292 
1165.00292 
1165.00292 
1165.00292 
1165.00292 
1165.00292 
1165.00292 
1165.00292 
1165.00292 
1165.00292 
1165.00292 
1165.00292 
1165.00292 
1165.00292 
1165.00292 
1165.00292 
1165.00292 
1165.00292 
1047.7699 
1047.7699 
1047.7699 
1047.7699 
1047.7699 
1047.7699 
1047.7699 
1047.7699 
1047.7699 
1047.7699 
1047.7699 
1047.7699 
1047.7699 
1047.7699 
1047.7699 
1047.7699 
1047.7699 
1047.7699 
1047.7699 
1047.7699 
1047.7699 
1047.7699 
1047.7699 
1047.7699 
1047.7699 
1047.7699 
1047.7699 
1047.7699 
1047.7699 
1047.7699 
949.377901 
949.377901 
949.377901 
949.377901 
949.377901 
949.377901 
949.377901 
949.377901 
949.377901 
949.377901 
949.377901 
949.377901 
949.377901 
949.377901 
949.377901 
949.377901 
949.377901 
949.377901 
949.377901 
949.377901 
949.377901 
949.377901 
949.377901 
949.377901 
949.377901 
949.377901 
949.377901 
949.377901 
949.377901 
949.377901 
864.609409 
864.609409 
864.609409 
864.609409 
864.609409 
864.609409 
864.609409 
864.609409 
864.609409 
864.609409 
864.609409 
864.609409 
864.609409 
864.609409 
864.609409 
864.609409 
864.609409 
864.609409 
864.609409 
864.609409 
864.609409 
864.609409 
864.609409 
864.609409 
864.609409 
864.609409 
864.609409 
864.609409 
864.609409 
864.609409 
790.150599 
790.150599 
790.150599 
790.150599 
790.150599 
790.150599 
790.150599 
790.150599 
790.150599 
790.150599 
790.150599 
790.150599 
790.150599 
790.150599 
790.150599 
790.150599 
790.150599 
790.150599 
790.150599 
790.150599 
790.150599 
790.150599 
790.150599 
790.150599 
790.150599 
790.150599 
790.150599 
790.150599 
790.150599 
790.150599 
723.765635 
723.765635 
723.765635 
723.765635 
723.765635 
723.765635 
723.765635 
723.765635 
723.765635 
723.765635 
723.765635 
723.765635 
723.765635 
723.765635 
723.765635 
723.765635 
723.765635 
723.765635 
723.765635 
723.765635 
723.765635 
723.765635 
723.765635 
723.765635 
723.765635 
723.765635 
723.765635 
723.765635 
723.765635 
723.765635 
663.874853 
663.874853 
663.874853 
663.874853 
663.874853 
663.874853 
663.874853 
663.874853 
663.874853 
663.874853 
663.874853 
663.874853 
663.874853 
663.874853 
663.874853 
663.874853 
663.874853 
663.874853 
663.874853 
663.874853 
663.874853 
663.874853 
663.874853 
663.874853 
663.874853 
663.874853 
663.874853 
663.874853 
663.874853 
663.874853 
609.320873 
609.320873 
609.320873 
609.320873 
609.320873 
609.320873 
609.320873 
609.320873 
609.320873 
609.320873 
609.320873 
609.320873 
609.320873 
609.320873 
609.320873 
609.320873 
609.320873 
609.320873 
609.320873 
609.320873 
609.320873 
609.320873 
609.320873 
609.320873 
609.320873 
609.320873 
609.320873 
609.320873 
609.320873 
609.320873 
559.230401 
559.230401 
559.230401 
559.230401 
559.230401 
559.230401 
559.230401 
559.230401 
559.230401 
559.230401 
559.230401 
559.230401 
559.230401 
559.230401 
559.230401 
559.230401 
559.230401 
559.230401 
559.230401 
559.230401 
559.230401 
559.230401 
559.230401 
559.230401 
559.230401 
559.230401 
559.230401 
559.230401 
559.230401 
559.230401 
512.928284 
512.928284 
512.928284 
512.928284 
512.928284 
512.928284 
512.928284 
512.928284 
512.928284 
512.928284 
512.928284 
512.928284 
512.928284 
512.928284 
512.928284 
512.928284 
512.928284 
512.928284 
512.928284 
512.928284 
512.928284 
512.928284 
512.928284 
512.928284 
512.928284 
512.928284 
512.928284 
512.928284 
512.928284 
512.928284 
469.881784 
469.881784 
469.881784 
469.881784 
469.881784 
469.881784 
469.881784 
469.881784 
469.881784 
469.881784 
469.881784 
469.881784 
469.881784 
469.881784 
469.881784 
469.881784 
469.881784 
469.881784 
469.881784 
469.881784 
469.881784 
469.881784 
469.881784 
469.881784 
469.881784 
469.881784 
469.881784 
469.881784 
469.881784 
469.881784 
429.663157 
429.663157 
429.663157 
429.663157 
429.663157 
429.663157 
429.663157 
429.663157 
429.663157 
429.663157 
429.663157 
429.663157 
429.663157 
429.663157 
429.663157 
429.663157 
429.663157 
429.663157 
429.663157 
429.663157 
429.663157 
429.663157 
429.663157 
429.663157 
429.663157 
429.663157 
429.663157 
429.663157 
429.663157 
429.663157 
391.92376 
391.92376 
391.92376 
391.92376 
391.92376 
391.92376 
391.92376 
391.92376 
391.92376 
391.92376 
391.92376 
391.92376 
391.92376 
391.92376 
391.92376 
391.92376 
391.92376 
391.92376 
391.92376 
391.92376 
391.92376 
391.92376 
391.92376 
391.92376 
391.92376 
391.92376 
391.92376 
391.92376 
391.92376 
391.92376 
356.375682 
356.375682 
356.375682 
356.375682 
356.375682 
356.375682 
356.375682 
356.375682 
356.375682 
356.375682 
356.375682 
356.375682 
356.375682 
356.375682 
356.375682 
356.375682 
356.375682 
356.375682 
356.375682 
356.375682 
356.375682 
356.375682 
356.375682 
356.375682 
356.375682 
356.375682 
356.375682 
356.375682 
356.375682 
356.375682 
322.778414 
322.778414 
322.778414 
322.778414 
322.778414 
322.778414 
322.778414 
322.778414 
322.778414 
322.778414 
322.778414 
322.778414 
322.778414 
322.778414 
322.778414 
322.778414 
322.778414 
322.778414 
322.778414 
322.778414 
322.778414 
322.778414 
322.778414 
322.778414 
322.778414 
322.778414 
322.778414 
322.778414 
322.778414 
322.778414 
290.928981 
290.928981 
290.928981 
290.928981 
290.928981 
290.928981 
290.928981 
290.928981 
290.928981 
290.928981 
290.928981 
290.928981 
290.928981 
290.928981 
290.928981 
290.928981 
290.928981 
290.928981 
290.928981 
290.928981 
290.928981 
290.928981 
290.928981 
290.928981 
290.928981 
290.928981 
290.928981 
290.928981 
290.928981 
290.928981 
260.65452 
260.65452 
260.65452 
260.65452 
260.65452 
260.65452 
260.65452 
260.65452 
260.65452 
260.65452 
260.65452 
260.65452 
260.65452 
260.65452 
260.65452 
260.65452 
260.65452 
260.65452 
260.65452 
260.65452 
260.65452 
260.65452 
260.65452 
260.65452 
260.65452 
260.65452 
260.65452 
260.65452 
260.65452 
260.65452 
231.806604 
231.806604 
231.806604 
231.806604 
231.806604 
231.806604 
231.806604 
231.806604 
231.806604 
231.806604 
231.806604 
231.806604 
231.806604 
231.806604 
231.806604 
231.806604 
231.806604 
231.806604 
231.806604 
231.806604 
231.806604 
231.806604 
231.806604 
231.806604 
231.806604 
231.806604 
231.806604 
231.806604 
231.806604 
231.806604 
204.256844 
204.256844 
204.256844 
204.256844 
204.256844 
204.256844 
204.256844 
204.256844 
204.256844 
204.256844 
204.256844 
204.256844 
204.256844 
204.256844 
204.256844 
204.256844 
204.256844 
204.256844 
204.256844 
204.256844 
204.256844 
204.256844 
204.256844 
204.256844 
204.256844 
204.256844 
204.256844 
204.256844 
204.256844 
204.256844 
177.893437 
177.893437 
177.893437 
177.893437 
177.893437 
177.893437 
177.893437 
177.893437 
177.893437 
177.893437 
177.893437 
177.893437 
177.893437 
177.893437 
177.893437 
177.893437 
177.893437 
177.893437 
177.893437 
177.893437 
177.893437 
177.893437 
177.893437 
177.893437 
177.893437 
177.893437 
177.893437 
177.893437 
177.893437 
177.893437 
152.618428 
152.618428 
152.618428 
152.618428 
152.618428 
152.618428 
152.618428 
152.618428 
152.618428 
152.618428 
152.618428 
152.618428 
152.618428 
152.618428 
152.618428 
152.618428 
152.618428 
152.618428 
152.618428 
152.618428 
152.618428 
152.618428 
152.618428 
152.618428 
152.618428 
152.618428 
152.618428 
152.618428 
152.618428 
152.618428 
128.345512 
128.345512 
128.345512 
128.345512 
128.345512 
128.345512 
128.345512 
128.345512 
128.345512 
128.345512 
128.345512 
128.345512 
128.345512 
128.345512 
128.345512 
128.345512 
128.345512 
128.345512 
128.345512 
128.345512 
128.345512 
128.345512 
128.345512 
128.345512 
128.345512 
128.345512 
128.345512 
128.345512 
128.345512 
128.345512 
104.998258 
104.998258 
104.998258 
104.998258 
104.998258 
104.998258 
104.998258 
104.998258 
104.998258 
104.998258 
104.998258 
104.998258 
104.998258 
104.998258 
104.998258 
104.998258 
104.998258 
104.998258 
104.998258 
104.998258 
104.998258 
104.998258 
104.998258 
104.998258 
104.998258 
104.998258 
104.998258 
104.998258 
104.998258 
104.998258 
82.5086583 
82.5086583 
82.5086583 
82.5086583 
82.5086583 
82.5086583 
82.5086583 
82.5086583 
82.5086583 
82.5086583 
82.5086583 
82.5086583 
82.5086583 
82.5086583 
82.5086583 
82.5086583 
82.5086583 
82.5086583 
82.5086583 
82.5086583 
82.5086583 
82.5086583 
82.5086583 
82.5086583 
82.5086583 
82.5086583 
82.5086583 
82.5086583 
82.5086583 
82.5086583 
60.815934 
60.815934 
60.815934 
60.815934 
60.815934 
60.815934 
60.815934 
60.815934 
60.815934 
60.815934 
60.815934 
60.815934 
60.815934 
60.815934 
60.815934 
60.815934 
60.815934 
60.815934 
60.815934 
60.815934 
60.815934 
60.815934 
60.815934 
60.815934 
60.815934 
60.815934 
60.815934 
60.815934 
60.815934 
60.815934 
39.8655463 
39.8655463 
39.8655463 
39.8655463 
39.8655463 
39.8655463 
39.8655463 
39.8655463 
39.8655463 
39.8655463 
39.8655463 
39.8655463 
39.8655463 
39.8655463 
39.8655463 
39.8655463 
39.8655463 
39.8655463 
39.8655463 
39.8655463 
39.8655463 
39.8655463 
39.8655463 
39.8655463 
39.8655463 
39.8655463 
39.8655463 
39.8655463 
39.8655463 
39.8655463 
19.60837 
19.60837 
19.60837 
19.60837 
19.60837 
19.60837 
19.60837 
19.60837 
19.60837 
19.60837 
19.60837 
19.60837 
19.60837 
19.60837 
19.60837 
19.60837 
19.60837 
19.60837 
19.60837 
19.60837 
19.60837 
19.60837 
19.60837 
19.60837 
19.60837 
19.60837 
19.60837 
19.60837 
19.60837 
19.60837 
0 
0 
0 
0 
0 
0 
0 
0 
0 
0 
0 
0 
0 
0 
0 
0 
0 
0 
0 
0 
0 
0 
0 
0 
0 
0 
0 
0 
0 
0 
